100
462 467
175 448
311 360
257 373
185 478
172 23
411 137
324 492
423 131
408 398
66 324
250 223
159 199
6 130
350 104
102 172
435 205
348 51
475 414
396 253
39 140
322 107
68 449
246 139
210 157
354 214
199 492
65 315
317 156
141 140
273 335
166 390
16 343
180 496
337 36
342 253
6 217
345 141
314 75
142 291
283 398
223 452
77 25
331 248
37 279
107 6
253 369
158 208
280 346
376 487
8 241
44 87
367 444
35 48
341 72
148 290
456 173
360 490
188 444
437 73
272 152
257 90
67 425
248 100
101 143
274 443
8 404
252 366
108 203
350 296
337 460
8 174
219 261
421 470
145 57
380 280
69 58
321 440
353 344
248 253
288 187
81 149
171 474
26 337
498 456
72 27
395 25
386 44
240 15
383 272
343 102
181 28
110 356
489 122
438 156
305 134
346 56
187 485
368 280
448 485
208 427
297 394
276 191
425 3
144 35
317 159
233 467
194 225
378 3
20 77
484 455
120 6
399 466
357 176
393 426
295 412
257 50
5 320
245 225
461 324
282 351
85 188
418 238
410 258
108 437
444 64
418 172
236 400
331 200
334 258
144 363
178 88
291 492
127 432
158 55
134 192
438 61
153 488
434 47
364 151
235 228
81 92
27 448
150 210
64 392
451 466
341 390
365 313
405 423
320 414
337 422
439 293
68 219
77 489
98 243
80 222
30 430
333 6
67 461
354 115
177 5
411 444
373 478
218 434
342 290
212 37
487 55
227 324
120 109
199 286
22 3
366 270
98 411
25 346
133 6
312 78
402 120
483 455
472 172
9 306
440 429
479 54
75 367
357 86
44 239
124 331
20 353
270 462
381 32
309 74
374 42
109 101
493 462
421 306
322 429
139 160
126 53
149 238
459 351
114 108
104 226
168 51
193 303
15 418
155 441
166 337
277 316
151 14
429 102
488 359
425 292
101 276
149 331
2 395
415 300
25 2
333 128
210 443
389 363
25 187
309 244
466 50
269 306
16 441
68 382
23 295
409 466
137 130
48 43
484 204
407 277
273 72
250 51
75 480
432 344
65 339
438 332
222 2
411 410
297 315
350 478
359 217
283 407
15 318
331 37
39 223
356 470
31 443
9 239
137 138
207 84
467 461
3 339
312 470
50 163
134 32
496 428
431 155
314 324
13 343
392 116
89 33
297 288
152 401
135 76
164 250
302 330
201 231
27 107
235 206
316 442
470 66
108 276
301 89
225 258
304 55
53 96
270 126
495 221
122 191
260 3
194 366
99 227
84 29
246 90
320 55
56 310
297 441
396 67
8 472
426 326
396 495
43 331
97 162
333 339
121 74
7 109
484 410
157 341
362 337
82 103
491 153
467 441
33 47
188 138
271 323
340 137
214 350
325 124
62 149
68 191
480 116
198 475
148 2
490 298
288 241
216 204
410 434
278 138
485 125
120 184
219 228
285 425
474 250
107 321
459 29
207 74
488 161
58 186
173 161
124 52
3 303
381 286
327 168
444 313
333 349
171 34
447 80
464 340
150 17
365 226
170 378
196 77
339 64
258 254
249 9
279 46
182 323
452 491
432 245
393 88
122 54
267 407
38 65
461 320
257 222
386 465
49 20
302 76
459 141
276 453
130 439
86 223
2 131
215 20
223 360
352 332
82 229
148 262
201 335
467 279
144 165
29 18
412 214
255 309
425 131
351 499
187 122
125 299
357 219
336 242
126 237
452 95
411 57
69 122
313 377
201 198
419 220
116 335
29 42
334 440
316 34
38 416
340 474
369 192
336 363
477 149
392 35
70 320
275 496
123 208
149 469
463 220
42 174
456 464
223 184
181 146
244 278
286 459
270 242
177 490
214 281
270 21
82 307
1 113
250 473
418 393
112 362
58 52
191 260
264 440
438 451
278 284
52 0
495 415
166 484
232 249
211 25
107 330
379 74
158 269
32 89
427 447
217 259
396 92
259 184
363 214
392 197
428 284
475 399
442 474
406 479
20 13
149 242
429 358
174 163
470 120
2 155
208 117
7 13
491 14
217 45
174 271
343 371
271 50
413 331
378 229
407 197
27 8
156 281
396 189
296 438
349 445
496 221
466 49
215 107
4 260
41 24
77 255
371 442
350 436
1 394
287 371
89 365
187 431
290 488
340 48
218 76
187 2
110 112
148 349
265 198
8 34
299 126
402 389
361 443
156 270
159 395
255 171
90 41
90 488
403 425
464 296
259 173
327 438
148 256
298 215
351 467
2 58
454 120
70 53
108 388
332 353
406 395
444 471
187 212
127 186
304 64
439 79
414 145
391 226
142 174
257 300
392 284
320 285
493 482
253 356
109 439
202 98
359 189
90 388
478 251
53 363
5 329
490 220
357 291
263 142
29 9
162 491
368 324
28 419
341 232
422 30
270 114
22 287
342 341
406 274
378 54
144 56
201 310
373 376
107 50
424 45
399 215
119 496
255 118
275 129
283 477
184 333
38 252
225 411
447 454
114 468
107 125
11 130
300 404
96 203
199 16
256 182
234 76
466 448
127 382
34 78
139 253
499 273
56 383
190 48
69 146
1 170
73 24
299 21
350 496
241 5
311 9
138 46
454 490
197 381
286 276
195 248
91 225
193 477
174 248
437 215
15 48
289 433
268 366
362 336
178 107
176 309
180 456
360 135
307 350
283 300
159 190
464 108
179 137
142 128
486 9
120 479
459 417
465 214
384 28
27 365
391 360
481 448
444 103
233 461
479 452
263 90
487 106
121 494
250 158
402 90
155 284
125 35
68 114
317 62
322 282
262 74
200 413
475 96
2 496
341 3
105 483
375 15
203 14
189 179
310 334
370 170
148 182
45 110
361 371
108 414
131 102
158 196
366 410
397 208
355 341
373 24
226 250
168 47
120 167
404 458
75 495
85 430
214 4
440 7
215 60
354 411
389 32
121 149
53 445
379 151
74 88
322 289
341 358
490 31
485 480
310 127
92 467
166 414
19 189
160 172
413 223
482 249
231 281
18 154
252 68
336 103
198 424
347 290
456 314
214 380
202 48
136 75
327 129
108 34
343 382
178 306
110 454
231 480
65 301
36 133
396 493
228 30
234 375
320 495
388 454
5 68
204 383
233 97
191 324
389 396
276 314
20 138
360 190
194 281
286 26
123 440
297 495
140 322
151 375
236 272
193 112
385 178
296 8
190 394
333 144
144 329
15 13
376 325
382 278
439 9
499 27
222 253
72 128
387 198
451 92
332 154
408 270
449 126
407 162
53 260
227 295
286 234
344 234
351 21
422 351
168 359
104 381
234 123
100 87
282 494
94 480
152 220
36 227
462 440
482 440
455 206
185 136
18 482
222 316
299 162
371 480
468 50
181 52
149 457
408 288
235 151
20 369
251 295
396 404
144 497
408 233
394 20
81 274
346 463
198 99
175 122
349 292
325 152
91 240
183 273
358 352
363 332
318 214
124 278
434 254
356 167
66 33
323 31
488 251
84 186
442 361
307 144
471 356
478 354
384 152
50 27
384 330
88 102
443 57
237 469
381 283
452 73
307 191
305 362
354 389
104 185
468 51
458 417
172 391
180 310
148 65
243 497
493 159
292 21
499 458
410 49
484 241
424 33
10 409
287 326
313 462
33 479
206 295
475 97
98 425
140 341
160 213
264 54
369 363
190 259
310 375
267 16
403 488
195 374
136 59
311 134
367 314
136 284
55 323
361 359
357 301
113 51
491 7
454 328
214 265
124 338
270 306
380 44
93 359
379 242
94 488
431 205
179 462
337 6
491 208
279 449
427 0
405 10
231 497
96 477
7 398
32 186
413 122
354 150
71 487
443 212
0 14
428 140
160 333
204 139
61 491
296 353
183 351
476 404
290 1
433 7
40 41
143 118
28 368
401 405
397 207
231 419
170 154
5 307
58 124
6 179
211 77
183 53
214 343
216 440
466 224
444 24
5 321
166 364
341 472
223 52
350 307
474 152
86 361
250 344
57 142
40 188
160 454
252 173
116 173
474 39
108 129
428 146
413 333
54 275
229 110
42 228
392 417
14 463
132 88
140 138
325 383
424 220
90 1
25 266
35 25
415 252
260 39
243 273
233 454
65 367
44 416
106 385
122 284
191 75
121 86
469 172
2 119
329 490
48 89
114 327
461 448
310 342
264 184
102 201
367 405
229 498
376 473
176 105
461 183
465 433
15 21
144 383
287 79
261 213
470 153
264 365
413 261
145 141
398 467
57 183
345 184
69 255
152 457
394 337
391 100
211 222
142 393
332 192
366 401
133 144
499 423
346 99
239 325
250 365
252 417
69 395
288 495
399 414
412 46
149 417
113 286
438 154
421 291
71 372
141 360
43 179
43 134
82 347
25 30
145 156
104 411
285 127
186 43
269 139
388 320
247 448
2 285
345 463
456 89
274 274
138 149
363 317
51 443
56 378
447 443
132 275
216 448
288 383
478 13
194 37
273 241
240 141
353 97
137 394
456 62
31 18
101 156
407 164
131 427
203 361
15 247
