50
336 381
53 35
317 273
385 95
410 350
108 3
395 84
74 466
308 469
124 89
14 300
452 11
419 499
490 439
229 436
167 431
89 303
268 443
392 37
391 135
297 417
473 330
430 86
293 124
482 247
34 220
222 19
145 168
450 68
358 441
476 371
267 293
442 344
468 321
95 301
105 211
106 23
249 107
147 228
451 13
310 27
383 105
162 109
289 415
0 238
346 240
352 205
231 173
209 38
222 358
457 96
309 31
284 196
282 381
91 261
451 405
49 437
262 151
425 144
154 297
308 229
58 126
458 440
104 398
164 78
413 113
134 223
111 166
180 125
484 194
237 45
275 158
176 332
391 267
410 437
135 370
113 443
53 279
1 51
165 472
125 387
296 142
185 395
410 149
39 160
256 213
17 78
261 265
278 347
38 338
133 26
255 187
323 257
482 123
260 344
31 400
83 216
256 387
176 166
292 304
291 467
260 448
211 111
87 329
451 236
275 304
473 165
103 359
22 489
155 401
201 8
345 484
183 118
445 401
398 10
188 284
66 87
295 252
32 380
109 223
327 353
385 394
152 386
393 71
91 220
468 14
391 174
411 81
126 9
28 290
186 424
78 108
360 5
197 147
113 492
371 274
265 385
47 486
134 176
311 193
477 322
91 131
174 204
172 47
25 318
467 97
341 275
352 415
398 305
20 134
218 457
318 284
69 232
488 477
317 494
396 44
179 362
112 86
324 206
114 463
224 55
328 392
363 470
298 269
60 76
103 411
95 478
427 62
398 204
197 280
89 199
256 82
498 299
1 53
51 416
154 427
417 330
447 122
491 471
223 346
312 435
370 392
3 380
260 340
244 489
422 166
335 58
9 349
389 419
476 487
342 317
497 153
220 193
283 222
275 10
230 272
278 36
150 82
353 429
178 431
472 169
148 255
265 113
338 468
365 228
397 237
474 155
77 187
301 411
152 497
479 167
194 117
359 361
494 59
495 103
63 159
174 59
57 484
108 178
360 135
164 111
399 433
114 440
215 369
87 341
468 42
215 260
145 119
388 171
73 412
67 343
265 402
32 165
105 55
85 266
387 217
446 65
300 465
312 117
482 211
389 239
376 215
288 188
212 310
46 237
267 482
356 39
53 455
7 224
303 314
417 388
167 313
98 124
103 400
437 0
456 174
448 202
228 96
316 245
348 96
327 366
359 388
120 457
313 250
132 2
361 401
260 444
194 96
380 128
105 217
246 17
321 361
375 193
194 271
71 64
361 136
396 294
481 32
27 141
390 383
224 359
111 330
169 243
114 236
482 332
330 444
21 221
171 371
70 257
401 405
475 2
22 60
50 342
413 86
93 399
372 291
414 188
68 131
465 145
225 72
340 292
349 418
464 397
287 439
24 377
112 139
204 127
36 41
46 347
400 394
289 84
73 416
124 130
405 16
408 294
202 286
294 272
351 84
284 433
294 165
293 199
321 374
356 254
241 33
109 31
464 51
368 16
445 381
257 250
498 48
361 477
170 257
397 458
185 473
300 478
50 370
57 490
168 278
425 283
114 220
343 338
265 44
400 377
421 83
94 387
233 489
50 272
200 393
414 68
274 309
455 39
23 200
464 354
66 318
24 190
222 471
390 434
110 199
422 85
252 171
4 200
108 173
328 153
193 460
499 70
413 497
33 494
268 311
11 448
167 143
219 357
322 144
482 197
124 423
490 160
309 404
13 177
339 346
10 322
196 341
297 414
37 264
477 143
265 89
294 498
106 339
129 487
465 482
280 230
440 64
218 362
282 101
153 108
52 133
497 407
146 56
164 35
314 481
91 493
73 83
110 192
204 80
285 306
206 259
80 340
108 378
322 2
406 380
399 463
382 333
2 116
406 495
50 125
223 431
266 402
249 44
260 352
381 287
12 429
105 128
348 400
372 171
110 426
86 195
447 221
421 348
83 374
61 378
72 314
121 482
295 424
170 89
291 425
33 297
174 107
374 290
352 394
259 83
148 363
217 474
363 274
214 230
234 85
212 347
127 231
197 21
124 360
409 483
403 108
270 462
188 405
98 12
451 311
294 7
401 157
405 325
214 40
338 256
495 119
147 317
294 37
432 37
477 362
142 325
235 35
49 457
84 249
404 50
475 34
252 166
363 450
367 272
128 97
20 43
479 183
63 202
229 471
176 488
171 189
333 61
284 13
196 312
294 363
126 88
283 495
263 281
136 197
281 477
227 216
248 353
422 258
77 491
307 101
439 300
163 158
108 489
272 132
471 127
201 415
391 126
39 349
357 396
64 304
211 132
433 132
227 352
43 256
376 62
108 335
467 493
482 22
10 486
418 345
183 484
187 282
109 155
15 484
222 372
26 274
439 50
496 336
184 154
403 53
394 78
397 418
227 34
159 82
205 123
158 7
22 130
233 90
333 217
409 28
253 207
81 346
99 146
325 431
41 135
460 352
14 365
108 396
79 26
185 126
311 294
47 234
418 232
173 329
471 125
271 40
221 462
39 444
308 58
241 165
191 301
28 211
425 19
416 105
27 127
44 431
188 355
93 319
180 126
6 66
345 101
366 203
342 89
478 57
394 14
495 357
287 290
289 17
401 465
21 14
382 91
57 13
27 381
213 111
386 366
174 439
337 285
327 62
167 57
253 460
349 47
323 230
416 406
188 358
441 323
160 159
314 294
35 35
196 71
266 271
148 80
166 151
265 241
398 157
177 32
4 416
303 96
378 443
339 274
489 100
231 221
75 242
470 446
344 31
305 409
57 350
251 484
200 55
26 429
94 17
118 311
358 345
279 459
149 232
453 165
466 291
183 301
220 173
435 52
140 215
407 29
424 116
166 486
331 438
223 321
167 480
219 352
407 347
172 97
300 135
484 243
211 378
40 40
347 115
477 27
490 403
1 150
359 60
86 116
180 68
132 427
64 440
34 279
193 279
279 279
196 139
46 48
297 296
80 278
150 137
358 457
50 137
76 306
223 314
359 4
491 88
161 340
494 354
303 280
43 421
142 456
486 180
392 204
56 425
139 271
320 417
203 31
25 250
202 247
226 219
338 476
285 179
268 229
155 203
215 46
142 178
394 116
63 478
492 405
175 69
37 302
151 433
73 156
4 154
355 233
473 128
192 111
462 374
119 296
350 486
40 59
301 482
99 395
54 246
156 45
5 230
349 276
252 406
145 84
493 159
69 458
392 163
193 13
408 15
330 496
387 202
32 224
184 314
210 460
115 32
241 17
83 454
134 167
49 320
143 288
117 455
485 499
378 154
94 447
264 356
160 83
130 139
295 120
156 483
5 211
207 102
402 244
123 343
274 385
136 50
401 6
51 144
158 85
102 42
403 422
217 127
190 372
91 17
325 387
459 445
62 354
468 159
320 333
316 345
404 323
17 95
461 275
447 480
22 272
254 32
259 305
243 389
375 231
111 352
198 219
175 290
39 371
261 374
327 187
136 12
181 269
161 383
184 355
418 229
322 460
261 14
204 199
68 486
245 47
138 232
223 96
151 348
477 253
155 219
419 247
410 13
32 397
164 402
340 203
493 421
295 82
394 282
221 373
85 267
131 156
468 469
276 412
263 469
160 245
294 134
333 399
393 17
46 234
433 211
151 36
44 426
408 68
171 491
498 403
21 229
310 154
210 76
121 217
29 159
494 221
150 156
390 485
115 353
111 123
180 25
374 378
384 123
396 224
265 417
224 156
382 452
395 463
124 222
375 92
493 14
442 290
106 50
261 480
222 315
180 255
247 228
214 133
256 452
399 170
250 333
356 7
449 280
373 174
241 94
440 259
425 312
431 205
321 259
111 478
195 339
151 273
248 297
424 415
221 476
161 179
14 24
305 453
158 482
32 48
270 118
28 482
427 87
478 411
390 324
190 4
472 23
215 475
366 379
241 296
240 11
276 185
156 410
41 38
263 130
359 129
227 383
70 134
218 280
246 245
251 442
449 495
286 165
351 73
65 132
176 202
152 141
451 426
160 185
1 65
456 178
179 144
496 401
164 32
43 363
272 231
148 142
171 105
253 497
193 394
389 185
440 141
27 36
300 153
24 339
35 484
114 121
403 488
142 399
288 124
124 281
420 312
99 494
205 267
274 455
324 223
169 450
90 254
356 180
105 75
327 470
175 318
469 270
210 325
327 204
114 447
145 429
9 206
97 0
463 467
197 254
307 398
34 144
202 87
79 288
462 280
464 172
144 409
395 77
157 305
230 28
99 335
381 461
363 396
4 497
79 204
161 435
224 13
379 290
470 163
405 384
306 79
12 153
474 396
160 187
46 350
138 168
69 437
112 373
315 88
321 115
13 82
9 441
328 381
489 486
149 285
79 281
195 10
77 25
350 353
220 364
132 242
12 442
103 37
372 367
349 181
381 14
423 20
469 398
115 473
148 439
194 469
47 361
234 107
343 403
173 67
320 38
227 173
273 26
94 18
144 286
128 429
194 487
490 30
110 476
42 143
277 494
405 148
468 370
66 354
305 471
120 0
492 110
47 276
471 91
299 453
2 471
220 16
