250
438 49
285 41
87 241
176 486
241 177
478 58
492 423
369 188
373 125
403 434
219 221
216 103
119 25
62 418
434 195
76 311
41 418
135 84
301 359
366 35
322 380
342 226
437 10
336 110
167 249
213 326
92 57
240 193
442 206
445 195
361 380
153 54
322 161
229 122
162 345
149 415
232 241
221 130
429 307
268 372
293 52
379 316
278 379
131 233
217 319
106 290
271 197
306 165
289 49
487 10
55 415
233 299
463 446
34 261
313 326
397 429
409 259
28 129
148 257
97 235
453 415
253 124
264 379
385 38
186 189
154 65
480 357
428 61
351 218
350 378
57 125
289 95
74 393
127 265
278 370
198 465
372 349
103 329
274 293
62 407
337 12
484 158
65 466
428 264
416 312
10 270
116 128
294 211
473 426
341 133
315 240
161 61
476 102
268 450
381 128
239 118
441 472
403 86
199 158
288 433
351 216
288 362
72 388
373 495
6 418
5 293
63 131
430 114
259 48
226 43
396 236
297 269
299 407
476 398
356 346
19 381
472 248
254 471
121 352
222 309
335 1
2 13
40 497
32 195
170 436
364 102
173 149
144 79
274 217
465 214
118 434
146 260
19 407
257 330
13 12
465 224
425 404
384 107
253 207
353 26
269 253
181 50
173 42
273 193
126 48
429 62
400 474
231 173
487 376
485 358
82 342
434 31
207 410
484 181
296 110
253 56
182 234
411 360
356 269
461 348
362 476
33 294
496 62
217 61
430 479
4 280
385 480
124 387
23 386
231 321
171 264
317 408
207 366
70 274
81 312
91 55
36 191
248 352
58 464
433 412
56 473
381 120
252 8
114 422
17 414
47 165
460 21
81 453
463 288
480 280
380 455
348 8
30 111
305 0
431 52
226 308
253 220
266 362
302 189
336 280
82 319
70 113
171 396
450 155
478 117
93 77
221 161
67 299
451 381
425 194
214 393
498 464
145 326
342 291
324 22
71 415
463 467
144 259
275 377
451 53
415 136
280 93
301 149
41 220
157 280
31 241
42 251
273 394
238 29
367 399
18 306
343 312
275 487
300 440
339 381
139 149
437 93
35 140
348 447
420 43
73 217
432 294
34 128
139 375
354 231
140 13
216 28
297 228
111 40
196 124
290 361
39 326
138 446
70 291
420 481
38 215
95 58
223 327
219 225
163 414
273 261
70 212
483 174
146 443
221 384
206 144
147 363
115 414
150 155
251 29
191 366
299 89
300 257
369 112
445 20
379 159
146 128
384 6
446 268
299 440
63 365
170 49
479 41
98 447
175 288
304 58
488 98
422 11
247 459
432 170
347 63
465 28
191 155
329 20
217 97
86 173
107 215
72 136
32 257
338 489
45 174
205 233
215 252
474 275
499 363
326 157
290 321
240 56
211 496
361 107
161 392
184 160
254 408
101 6
96 441
427 255
47 254
496 332
10 201
365 491
154 203
280 484
270 59
339 253
422 433
182 486
435 236
112 416
392 30
263 112
197 284
475 413
447 312
436 168
364 87
487 81
226 371
481 262
403 16
382 210
498 109
333 194
399 477
276 77
13 16
264 310
322 486
465 440
147 51
99 1
311 387
459 491
156 143
139 133
360 309
367 401
447 432
179 321
479 403
2 483
44 62
235 204
437 116
89 201
367 301
413 320
346 400
3 207
121 326
422 212
305 189
385 157
156 80
30 199
55 83
335 23
252 351
439 180
8 40
210 413
378 163
72 457
337 42
199 9
158 118
55 499
19 427
233 321
466 98
215 453
421 365
206 351
392 379
32 379
408 342
446 335
346 323
362 283
237 456
44 205
218 253
326 184
468 373
111 181
480 464
201 489
148 490
394 201
244 352
317 427
155 20
138 53
35 115
434 461
2 277
70 451
301 174
157 6
6 328
483 271
201 148
299 419
178 345
414 61
37 110
98 200
269 140
121 339
298 396
296 20
374 470
89 122
404 147
294 496
235 28
139 245
270 274
110 332
354 409
418 318
384 92
201 361
54 196
384 42
122 97
396 355
276 370
250 210
132 390
476 321
348 192
386 301
235 268
230 201
376 437
198 272
420 355
232 58
439 233
347 381
109 90
65 451
7 142
44 492
294 377
286 343
395 229
414 403
307 60
147 75
240 468
379 219
229 279
79 313
332 393
163 35
184 464
498 263
37 399
352 407
211 200
320 175
454 385
457 51
197 396
25 279
254 256
346 318
56 436
421 47
179 242
471 93
431 467
211 82
161 355
468 275
164 416
12 468
285 405
476 331
385 50
124 210
173 256
55 108
403 450
76 20
137 32
10 290
273 131
133 171
344 57
142 37
353 312
8 134
35 300
409 169
107 87
367 245
117 112
470 194
442 422
2 142
202 492
300 82
211 498
308 105
234 304
215 63
299 61
499 405
460 217
303 125
194 142
112 114
122 111
147 58
73 276
74 424
57 69
280 490
394 76
327 19
194 81
278 339
278 99
236 415
245 475
299 236
172 377
217 255
81 340
31 271
433 392
179 333
162 241
159 147
259 392
440 192
45 417
17 170
319 468
36 119
266 177
340 459
164 456
418 410
284 414
298 271
137 438
58 328
37 136
120 417
208 431
107 345
278 459
65 472
277 26
420 385
332 486
198 488
320 401
412 86
60 201
396 10
444 228
259 255
273 382
287 365
197 424
313 96
462 430
478 29
474 381
197 161
55 425
214 451
72 27
485 10
494 404
467 357
105 400
482 410
87 335
316 316
83 86
1 220
399 330
350 359
146 39
158 273
21 255
340 305
5 33
54 121
184 392
11 403
113 125
306 406
332 93
360 292
84 166
196 150
173 145
58 5
203 241
77 324
105 214
496 481
252 288
192 397
64 37
434 391
284 400
222 32
228 295
83 497
94 206
285 329
367 235
48 200
103 485
328 170
149 398
341 167
265 435
100 91
197 40
176 425
201 98
304 133
210 124
191 394
453 333
449 161
257 447
348 461
30 436
352 72
492 53
181 102
375 361
428 151
207 332
99 474
43 56
96 393
104 346
474 162
438 284
12 450
99 47
136 390
482 53
403 370
410 157
246 420
111 280
110 164
13 270
229 413
496 442
107 440
350 119
311 392
380 17
413 418
100 347
149 474
127 0
352 451
485 233
85 194
340 272
136 216
68 268
107 358
135 364
298 143
136 298
399 41
50 323
70 493
364 83
348 382
498 490
238 351
432 258
261 120
264 354
184 191
134 15
362 336
168 48
433 109
407 179
41 490
344 190
419 58
269 477
332 174
431 232
425 155
356 262
472 298
283 47
242 349
452 301
433 305
239 61
56 80
43 318
177 322
28 178
51 365
429 23
462 276
223 432
339 166
198 149
356 458
469 479
161 37
398 124
203 251
390 348
204 216
250 154
469 199
313 320
1 112
285 130
16 90
305 169
172 388
257 232
405 482
417 202
149 253
322 233
107 98
217 335
88 465
273 152
334 320
308 383
151 58
261 331
92 472
105 363
489 234
52 487
198 247
373 339
42 214
210 395
285 349
159 231
192 50
110 480
34 286
57 9
492 206
324 42
144 4
378 13
254 53
84 177
38 82
495 99
288 242
146 459
122 450
201 408
325 450
404 173
408 219
416 59
168 372
31 67
301 387
10 397
442 404
309 494
497 422
315 127
483 137
367 79
278 219
217 187
368 494
414 237
225 450
386 86
364 207
114 99
215 410
88 271
368 383
379 206
350 193
251 309
131 214
124 192
468 297
476 92
394 460
342 418
176 236
101 440
410 301
220 48
32 65
345 314
195 53
155 185
455 112
141 274
225 413
311 77
191 220
68 161
478 41
242 317
383 318
457 173
328 130
133 367
352 450
223 165
461 20
334 69
108 361
23 239
387 493
296 24
259 22
102 315
482 339
373 445
452 453
99 468
62 415
252 5
221 104
14 197
73 269
179 77
471 207
74 312
423 438
122 103
128 410
24 98
292 467
53 278
435 150
72 449
488 114
316 100
446 8
413 481
60 147
75 39
271 319
347 53
20 466
339 368
57 180
328 23
264 262
199 332
481 90
169 488
90 373
393 76
6 202
330 454
108 405
10 314
313 195
381 372
196 99
292 1
415 23
162 402
469 18
141 209
481 29
101 162
77 385
234 37
337 178
54 286
467 410
12 469
249 479
175 385
450 357
170 61
309 80
7 370
144 65
332 110
33 64
175 229
143 175
487 497
285 309
334 59
253 466
347 471
259 303
212 142
113 96
434 427
489 351
469 251
112 143
467 307
194 215
18 312
45 351
427 139
196 193
171 198
357 234
134 481
109 167
414 379
277 273
370 474
470 227
121 203
335 27
94 29
103 487
164 323
276 371
193 218
460 213
281 222
177 101
174 177
343 463
415 69
158 320
276 333
187 354
491 495
388 377
389 467
45 381
95 160
260 158
482 55
164 330
109 295
236 473
416 302
380 168
156 474
352 284
59 413
194 36
185 418
287 411
307 447
302 261
276 375
220 43
225 80
322 24
202 480
281 265
253 212
216 209
105 117
257 317
407 279
468 9
