300
340 463
165 25
10 493
467 40
61 303
166 248
252 125
24 486
27 70
119 493
194 167
153 375
189 436
242 284
134 268
234 393
84 69
440 282
16 427
432 239
35 164
29 7
212 248
122 489
111 255
64 257
398 249
67 320
163 353
86 116
159 346
241 63
377 195
173 70
382 413
491 22
244 149
9 153
422 223
208 175
40 305
201 460
154 436
395 168
49 8
174 18
213 266
306 229
405 104
167 357
314 5
273 349
444 310
152 13
63 201
167 184
467 7
196 467
109 463
38 307
188 93
238 248
196 252
0 137
247 81
247 303
164 311
1 52
457 192
46 449
301 55
472 335
260 462
97 313
488 427
388 135
405 381
487 359
176 239
30 5
430 115
259 362
194 236
200 433
322 310
54 32
38 378
362 44
29 357
308 128
490 201
196 474
293 178
447 497
431 314
1 194
58 492
180 478
304 354
144 241
211 439
58 325
82 160
20 280
125 367
149 190
330 497
413 111
334 418
285 244
369 270
266 478
85 282
211 3
271 363
297 272
99 123
421 66
313 69
481 153
430 465
26 217
292 492
298 193
344 362
168 487
109 417
36 264
253 106
246 16
16 410
492 252
342 450
350 163
65 441
400 407
180 293
325 245
248 79
63 172
127 73
149 344
278 62
447 80
350 276
342 317
409 449
478 265
145 189
172 160
494 384
106 222
242 241
91 208
436 29
285 40
243 211
476 474
105 451
448 254
166 486
35 238
488 402
240 383
434 410
357 286
440 233
163 230
371 308
8 251
218 127
158 32
473 373
442 267
108 17
412 222
403 330
480 412
238 396
415 444
215 486
326 300
20 37
77 88
483 30
124 95
52 22
58 52
408 414
286 270
169 166
417 121
382 126
370 144
227 7
473 379
240 54
29 51
333 38
196 390
489 251
341 351
259 221
443 466
15 381
144 34
295 324
148 414
99 198
77 160
406 193
156 84
494 428
429 443
493 15
308 416
277 62
53 372
129 280
148 5
224 188
415 470
330 374
382 327
380 497
134 72
455 495
285 46
170 478
449 190
392 238
138 338
369 113
330 182
157 487
453 191
221 283
363 402
141 382
262 345
61 84
29 235
271 104
111 295
198 166
132 442
479 376
376 392
78 69
50 196
406 326
322 398
465 59
57 408
315 284
346 299
215 293
480 236
356 109
398 377
409 336
280 121
349 208
203 480
319 413
93 424
2 321
177 204
210 31
483 183
194 282
438 477
444 97
336 180
35 352
62 323
50 439
197 28
371 250
476 338
34 403
175 310
446 125
366 447
429 218
15 50
89 290
332 165
458 124
299 142
45 486
190 336
179 413
464 243
326 16
362 85
288 433
497 173
126 165
414 140
457 178
14 332
331 237
59 494
243 180
31 146
56 108
64 483
493 483
346 86
233 199
167 92
294 56
83 103
285 321
433 169
404 459
378 260
431 55
0 63
418 72
74 29
491 354
147 368
54 475
39 131
137 213
409 156
370 157
366 150
12 10
374 200
107 397
166 333
315 137
37 471
421 144
410 228
124 374
273 169
113 376
80 33
11 259
275 469
411 88
207 105
81 119
76 292
313 140
19 144
464 353
433 392
13 348
282 98
111 3
428 193
148 469
119 450
492 463
450 370
448 468
127 490
480 320
440 193
48 67
65 271
224 131
420 446
163 231
227 357
177 195
242 30
445 210
176 135
288 420
397 459
273 442
34 380
13 284
327 393
269 309
243 89
285 416
461 93
130 322
185 440
355 401
54 348
346 171
472 204
355 184
262 245
256 436
175 195
441 348
145 301
94 129
422 164
384 224
446 120
20 129
396 92
148 60
162 91
70 138
296 184
33 144
120 162
280 243
163 398
78 75
269 328
301 277
202 454
4 374
277 140
136 250
132 94
198 340
141 241
267 331
216 172
365 439
284 165
174 425
432 387
292 207
488 283
268 467
37 409
119 57
105 293
86 186
407 203
349 211
209 279
96 241
494 74
7 137
340 274
28 203
222 106
239 449
215 8
15 415
30 481
447 293
252 39
291 320
477 297
79 61
436 376
437 420
418 38
385 401
0 448
35 334
28 168
129 156
275 199
80 17
493 134
86 30
338 81
481 242
291 127
145 12
39 299
209 108
124 357
104 137
273 327
383 270
185 224
181 184
71 52
273 110
183 248
411 182
180 483
195 260
19 468
427 327
140 283
418 382
305 346
166 44
141 423
222 347
448 323
426 4
19 480
183 347
436 458
10 373
470 172
435 35
34 112
434 396
272 0
50 89
336 126
66 75
187 286
374 6
478 358
258 321
86 478
222 346
257 332
46 224
1 117
284 254
262 433
200 229
444 201
6 157
470 78
221 331
458 132
161 88
50 401
356 418
143 152
465 36
422 263
228 36
251 328
224 345
289 408
239 406
285 4
302 87
166 346
76 425
39 5
56 449
176 334
417 340
50 251
466 235
131 41
308 149
11 420
155 163
448 29
437 198
396 408
187 40
117 18
395 68
4 152
19 37
58 288
347 77
228 468
455 218
19 94
105 302
382 195
490 5
204 391
475 319
422 287
160 443
68 230
436 457
153 426
461 210
87 138
96 188
27 456
457 283
221 155
437 376
302 300
353 173
491 412
411 311
191 349
450 117
252 141
6 162
267 84
152 417
406 37
332 172
281 252
249 76
324 50
375 361
191 418
379 400
197 258
206 65
88 189
290 262
50 410
177 285
185 166
335 281
450 221
239 162
123 183
434 241
304 175
139 478
151 248
185 73
229 335
136 169
94 21
337 68
349 326
133 348
323 371
222 437
75 164
441 75
408 291
200 301
427 304
215 403
75 294
335 87
433 472
442 336
349 125
192 182
253 37
72 77
32 234
21 446
392 191
449 466
192 270
8 250
426 95
287 329
494 125
213 251
498 35
344 296
297 134
409 470
268 211
84 340
36 382
131 166
360 180
36 416
364 125
379 372
324 198
56 434
96 27
373 78
388 100
349 465
271 119
378 96
39 444
40 247
318 461
48 68
397 404
467 96
438 456
168 172
439 417
296 316
311 470
154 125
481 88
141 204
401 390
236 353
161 319
268 149
338 252
205 11
122 310
144 252
301 221
495 341
358 283
271 220
264 70
259 383
152 482
232 439
248 382
373 93
131 243
409 445
277 384
477 280
265 251
236 348
302 45
461 289
16 441
461 468
171 189
208 402
402 322
479 171
253 324
243 81
37 246
396 140
474 260
471 123
183 362
78 211
295 338
240 239
351 72
462 212
125 23
21 271
111 30
44 454
336 202
317 97
53 29
128 378
52 107
123 474
192 136
50 164
119 460
116 466
409 221
455 274
134 237
244 408
228 476
162 479
101 200
317 126
232 144
472 470
168 222
242 294
465 261
135 496
184 431
379 210
299 11
127 369
279 451
136 379
178 293
481 5
355 124
185 385
191 315
378 79
289 405
170 232
1 262
87 280
443 496
336 199
70 137
146 172
153 199
401 161
81 473
162 135
298 384
139 389
224 172
34 280
84 98
321 343
197 146
235 81
5 175
175 315
96 385
474 309
85 310
323 84
370 166
478 87
272 375
308 195
208 147
478 277
355 217
339 175
25 492
221 36
209 295
335 464
350 384
336 212
466 271
215 113
425 42
158 99
24 153
310 203
488 443
46 314
249 221
453 6
296 134
464 358
15 93
87 360
51 378
2 219
279 412
370 213
307 438
190 236
394 435
312 4
344 0
348 94
320 498
116 72
496 260
94 442
216 268
494 65
203 142
474 206
320 330
426 310
181 453
354 174
89 56
257 435
25 161
448 229
349 188
155 57
247 403
278 399
434 193
21 161
490 422
274 447
81 289
412 296
413 317
394 192
372 250
164 13
432 483
325 185
456 80
412 215
432 241
265 212
179 152
355 396
263 287
113 290
44 70
490 119
239 272
158 150
433 249
459 421
354 96
3 348
273 120
397 125
479 372
48 151
470 151
107 398
29 208
83 471
0 430
407 438
58 60
497 480
324 90
339 273
434 477
182 454
409 367
406 189
455 250
130 41
52 227
221 117
135 21
261 430
133 164
176 459
310 296
320 238
185 147
347 351
451 480
260 66
216 494
288 221
188 486
468 1
168 58
266 439
151 137
158 94
29 201
132 194
473 249
103 438
188 296
277 201
168 395
62 313
386 396
100 162
442 65
486 304
191 130
215 269
478 276
136 388
105 216
147 148
388 178
406 329
446 462
401 456
294 85
344 125
132 207
242 26
231 109
33 378
393 375
498 122
61 391
450 95
28 202
280 116
361 218
309 139
25 330
181 39
179 216
315 47
203 243
440 121
6 222
53 178
120 275
489 214
465 244
104 194
380 347
450 419
371 166
113 420
422 255
361 444
447 247
124 18
203 323
79 140
478 192
387 203
353 378
141 114
372 383
321 350
339 264
200 196
186 351
6 373
364 270
345 168
249 51
118 322
46 84
385 245
56 356
257 293
477 52
107 110
76 472
29 9
435 267
464 212
286 75
451 329
459 476
92 495
24 116
82 157
224 150
