150
317 401
50 288
487 166
211 33
155 39
143 313
342 140
493 388
316 165
455 121
23 275
156 466
20 370
80 373
8 123
323 216
61 498
232 14
196 109
339 486
88 58
134 113
182 63
144 157
471 267
455 367
447 239
485 401
247 257
442 201
283 198
317 141
244 414
496 399
392 490
291 25
195 405
348 348
30 93
377 345
14 193
56 340
136 3
292 74
489 162
291 491
373 63
200 365
251 439
145 347
236 403
359 316
365 121
223 296
489 165
453 481
397 10
77 56
78 256
6 341
287 240
304 438
334 346
178 342
15 93
271 347
90 355
397 42
484 305
427 197
255 407
311 377
301 281
457 86
377 236
150 470
423 37
241 348
20 308
179 19
36 100
267 350
256 179
202 403
437 288
482 166
244 217
358 333
232 92
469 61
174 349
239 233
331 346
480 193
406 54
295 379
262 466
220 488
232 389
53 131
52 386
170 414
70 346
183 260
451 385
384 89
225 363
385 335
53 338
204 82
349 43
353 22
344 455
333 255
346 142
397 162
154 280
307 102
395 356
239 255
248 381
223 377
44 425
209 132
173 291
496 472
165 3
213 369
15 142
470 110
312 309
301 285
33 343
355 264
143 289
74 345
71 302
43 38
321 264
283 318
121 188
446 365
35 198
126 494
126 11
446 451
46 443
266 240
177 385
345 37
180 341
8 439
25 87
367 143
178 14
311 70
321 364
294 309
9 65
325 62
331 158
4 377
443 269
91 245
68 180
282 360
433 352
218 499
39 68
337 132
258 487
148 68
233 355
15 140
271 183
43 483
287 397
47 166
110 245
9 118
275 180
229 345
206 258
309 132
346 115
487 369
195 422
366 125
264 246
179 339
128 164
311 13
436 142
312 13
222 29
142 275
191 392
234 237
320 156
248 167
304 495
202 84
352 271
31 199
498 78
185 173
51 307
218 262
171 113
43 408
21 63
338 204
297 163
262 225
79 440
106 116
250 104
185 88
389 103
335 104
164 299
306 267
271 354
417 370
475 243
393 23
259 128
139 351
364 454
299 441
23 499
60 218
394 388
76 478
306 245
388 55
257 138
472 191
46 173
239 318
463 497
429 102
233 254
114 212
280 292
353 492
363 478
90 398
105 124
53 285
394 180
282 124
118 355
94 65
249 302
202 342
24 187
307 407
117 183
490 181
144 325
428 379
354 475
66 226
121 47
430 305
233 39
77 218
31 209
480 347
24 347
441 92
97 199
4 170
164 421
151 170
193 276
52 131
368 134
55 6
490 77
232 62
317 180
100 450
233 12
434 260
488 208
438 123
349 153
83 336
435 442
63 142
456 407
34 206
337 214
432 48
425 373
201 281
431 479
265 470
84 14
469 110
90 446
467 392
70 122
171 377
247 465
250 238
425 176
150 432
461 39
7 464
290 156
118 5
227 81
9 199
190 297
66 117
482 409
461 278
443 321
190 240
168 159
204 229
403 306
202 52
188 190
154 16
201 64
238 300
422 464
325 317
108 34
477 346
437 409
257 71
214 481
251 353
98 53
197 97
429 310
467 322
239 367
139 369
343 429
341 298
180 419
407 307
294 483
447 336
486 459
434 167
73 233
476 155
58 313
406 328
134 429
466 382
439 171
80 96
116 97
35 131
220 199
420 271
388 161
185 57
437 231
227 1
240 341
444 202
229 478
42 127
393 488
18 62
115 86
425 237
94 349
38 85
192 11
2 418
17 332
263 392
98 19
462 117
440 399
216 17
190 398
481 299
335 416
361 304
112 130
176 291
457 386
187 183
413 411
337 103
263 243
192 319
238 44
147 59
252 235
141 478
121 158
150 106
226 341
101 472
306 492
229 169
23 340
218 90
55 377
380 15
223 166
357 161
141 85
49 329
422 431
85 250
233 2
100 55
69 171
148 70
22 386
130 255
58 232
221 199
302 62
487 326
244 429
161 125
290 285
439 486
209 198
20 314
12 443
294 362
293 374
383 468
314 9
491 33
340 301
486 190
499 258
254 310
432 121
219 60
331 162
24 482
389 342
34 410
368 164
167 478
21 254
58 8
270 387
305 112
115 177
82 190
356 429
296 448
154 297
27 436
206 114
420 299
383 225
440 98
315 466
6 65
250 8
337 169
121 453
118 356
459 110
466 491
153 267
344 272
119 362
416 489
417 170
269 42
375 19
470 453
104 109
388 435
346 67
213 44
87 247
326 307
249 378
372 282
288 104
45 23
367 278
103 417
223 177
441 366
266 454
99 373
495 348
34 452
51 270
422 29
486 141
267 309
109 393
33 128
49 135
418 153
384 238
302 150
75 210
8 269
489 172
220 84
71 353
173 156
5 379
155 242
164 442
365 44
178 185
319 286
289 465
325 77
169 300
161 141
77 284
55 213
255 459
321 404
73 44
118 158
227 47
260 431
145 495
28 416
322 459
324 72
102 457
197 289
127 149
372 241
186 447
34 465
365 124
36 168
290 9
275 462
136 186
193 35
151 175
461 396
256 81
73 38
19 352
80 102
125 232
403 144
443 26
233 329
461 370
437 28
483 292
286 157
248 337
221 400
47 440
485 478
38 398
0 30
249 396
313 246
207 429
119 397
447 356
336 166
286 356
345 317
331 404
162 440
390 220
471 56
474 67
20 268
253 458
70 499
187 389
380 3
59 268
113 287
235 43
224 78
269 499
383 437
144 186
229 305
384 262
140 266
317 455
471 60
454 29
430 128
431 422
216 206
71 220
77 212
361 435
407 66
269 170
262 311
126 52
207 63
265 267
327 371
176 380
219 250
241 395
440 363
82 358
248 111
218 313
330 324
179 440
404 306
469 354
39 17
144 491
91 267
187 177
337 64
439 100
355 317
301 434
443 257
358 106
205 128
387 242
165 139
380 392
320 288
249 253
429 494
374 464
326 190
365 477
183 53
302 201
177 402
38 422
27 484
76 122
109 25
81 471
282 31
267 390
397 252
447 128
36 452
263 2
142 89
258 115
92 266
414 13
387 310
78 41
461 445
1 72
99 405
198 494
291 435
307 61
471 182
365 464
182 69
396 446
93 255
126 184
304 303
76 378
205 490
400 460
171 218
440 364
369 315
209 417
279 138
78 455
204 274
309 375
22 488
231 324
13 381
351 375
215 235
78 466
326 474
45 67
374 25
141 60
158 414
256 183
407 296
38 272
224 333
224 289
170 276
352 2
115 430
82 96
182 329
29 159
26 276
442 281
264 30
155 310
494 262
34 278
489 494
470 313
195 255
247 6
420 226
78 248
342 472
427 318
390 97
252 425
389 184
119 428
375 80
19 463
498 490
185 492
283 167
132 478
2 272
116 31
105 11
77 118
411 399
1 147
436 334
60 396
400 128
18 319
147 17
317 454
276 181
346 333
341 199
392 179
158 455
349 80
131 410
87 234
496 264
242 22
163 65
430 309
106 302
311 289
134 7
265 272
208 205
332 384
316 93
245 265
319 267
358 156
18 339
248 7
106 125
348 144
236 33
10 232
155 357
350 458
303 54
171 413
199 275
17 251
399 437
185 424
328 45
245 251
55 476
55 331
212 452
171 224
136 310
416 71
363 385
181 16
6 163
270 376
404 217
339 208
134 213
350 375
69 40
222 174
349 344
376 474
5 101
380 428
496 142
303 90
83 328
304 432
351 437
43 346
187 278
430 53
187 271
413 484
443 187
114 482
494 99
375 289
419 433
239 287
432 330
231 408
449 89
455 293
87 76
491 84
170 217
13 346
354 49
76 422
139 275
379 204
33 73
430 48
17 479
177 488
71 481
498 4
77 185
385 180
479 425
16 168
418 53
466 361
181 219
276 288
127 447
35 145
355 344
96 486
295 381
316 411
302 69
34 391
72 305
389 336
210 396
474 121
422 175
198 36
309 361
92 421
202 58
305 285
233 283
286 441
115 22
480 373
247 486
327 91
226 158
249 194
449 42
253 1
312 288
20 110
175 106
46 183
55 94
284 227
22 376
306 154
492 338
16 22
115 141
458 89
67 331
176 220
419 397
492 59
74 77
54 396
73 462
471 343
38 329
25 74
346 51
434 492
493 352
7 432
483 148
465 268
331 154
472 241
322 414
381 78
391 334
216 329
235 436
47 344
287 435
420 141
253 86
191 106
87 395
261 3
71 108
297 21
395 21
454 165
67 255
143 308
300 192
278 295
243 301
198 228
178 380
34 380
344 67
249 424
166 257
134 44
310 446
471 254
306 121
104 274
295 199
287 325
436 463
443 150
493 349
428 356
460 263
285 409
174 435
298 169
394 374
245 149
332 229
191 429
405 363
353 181
33 123
412 312
35 80
152 243
393 7
37 331
141 179
225 347
390 496
58 132
79 191
286 326
195 217
343 16
13 435
390 41
43 61
438 149
462 408
363 74
20 112
229 94
384 312
293 340
23 46
136 453
195 166
109 169
427 228
74 305
477 463
86 404
342 405
262 298
453 115
3 260
261 292
371 82
460 418
353 123
174 238
308 228
188 281
272 265
185 74
120 198
401 129
