200
288 211
167 105
183 441
412 283
415 220
278 207
387 79
232 379
59 290
82 480
319 125
448 346
401 374
238 302
115 330
14 264
43 342
277 276
243 234
81 359
422 361
338 40
419 205
250 67
34 243
346 430
343 193
361 268
278 156
270 296
60 82
31 252
337 446
481 275
171 430
62 364
127 162
140 353
333 497
247 339
196 473
14 370
103 385
48 449
319 23
116 482
220 481
231 396
151 424
133 217
126 127
204 31
236 465
45 262
275 356
489 330
67 454
426 381
316 348
169 288
366 44
90 273
77 217
490 6
221 460
84 303
422 140
490 65
248 414
42 426
118 183
133 132
358 11
278 468
332 169
482 486
184 354
92 485
69 74
307 236
495 347
315 142
14 328
35 376
131 269
99 266
319 347
99 136
33 93
20 373
354 163
228 229
123 323
481 216
365 172
127 447
257 9
401 221
479 42
21 448
363 414
483 148
20 319
183 346
377 429
327 120
230 181
231 203
194 391
453 364
16 204
213 224
480 142
172 241
354 211
11 483
26 376
30 9
470 8
117 242
402 224
56 271
151 369
481 12
164 458
269 49
240 76
384 340
365 331
295 494
293 432
232 470
351 367
74 395
304 20
285 107
309 369
435 330
479 365
327 247
238 319
149 111
457 37
493 211
246 165
132 316
317 363
29 466
431 178
456 27
82 147
87 293
381 89
161 1
99 98
59 429
430 57
289 322
328 352
276 106
461 464
494 268
255 295
262 148
71 56
106 159
473 383
38 340
314 353
205 219
227 83
179 5
432 441
128 48
385 161
310 122
447 348
447 30
410 291
342 383
264 371
388 319
153 373
79 458
459 125
152 80
309 401
37 184
120 352
486 174
70 329
338 12
389 5
53 304
459 334
416 145
297 71
258 357
222 1
248 495
439 419
155 215
446 254
19 384
189 98
92 18
375 324
193 265
358 57
374 367
495 41
351 190
114 225
133 182
184 429
299 477
402 251
460 415
115 75
57 0
366 183
429 388
362 40
498 299
54 479
250 315
493 171
286 240
76 65
155 470
359 179
156 349
362 279
366 137
132 103
248 298
355 176
112 82
282 56
103 469
370 382
314 362
369 177
376 209
317 294
53 331
123 4
123 436
494 260
451 259
416 485
351 458
382 289
157 159
116 409
248 189
36 403
392 262
443 357
174 26
65 188
234 69
475 258
218 328
370 58
486 338
414 195
373 386
50 377
186 137
216 114
448 16
304 459
280 369
186 316
322 415
281 141
9 320
357 207
491 37
111 291
104 250
471 18
406 248
30 201
282 368
21 319
415 166
112 122
224 40
350 85
418 216
0 420
490 391
20 92
427 475
331 302
44 400
83 422
469 498
329 79
361 435
399 479
410 242
300 317
253 367
173 412
214 214
154 240
396 85
221 173
412 176
461 256
77 280
200 88
71 308
246 282
391 490
129 250
265 133
266 142
317 150
457 132
190 468
229 395
350 44
140 381
41 414
196 123
247 2
437 2
120 402
266 17
466 372
155 338
294 348
376 342
343 407
40 26
246 230
370 130
55 462
174 376
80 172
276 365
164 224
113 252
331 136
135 231
15 333
1 456
127 476
355 91
82 470
349 430
277 390
388 313
439 89
334 364
230 230
234 88
339 97
402 195
371 170
264 27
195 265
211 336
44 474
65 218
213 6
227 328
108 457
414 155
296 418
173 134
258 206
253 166
271 468
236 385
125 496
213 301
93 153
288 87
144 388
221 67
333 457
182 496
121 475
365 453
276 455
430 440
395 317
431 153
201 355
147 170
228 262
152 349
121 338
151 69
72 50
379 498
211 483
217 339
291 140
160 369
132 348
389 260
88 138
69 362
257 196
250 237
238 76
206 287
89 477
258 230
361 445
124 335
222 460
295 216
37 454
338 63
233 392
157 261
33 47
303 448
252 84
43 301
332 140
57 426
186 455
213 482
399 306
237 380
37 103
294 432
189 113
318 426
324 331
276 362
137 237
51 57
304 220
187 196
460 112
468 350
477 434
460 360
253 491
79 244
66 55
132 144
254 143
353 382
363 340
164 479
72 220
153 61
49 26
34 432
157 225
414 317
197 340
304 133
465 172
134 75
91 447
254 49
495 278
301 32
362 188
306 400
271 27
213 107
87 2
157 28
493 463
358 391
102 221
301 217
489 85
407 480
414 164
481 387
483 490
461 331
346 259
188 27
178 51
163 165
119 367
393 431
156 88
310 30
491 164
352 121
360 209
61 191
41 336
225 370
126 18
423 384
123 180
400 182
306 261
451 383
15 257
423 482
268 170
452 290
231 395
455 410
215 494
300 260
70 291
181 193
291 231
301 430
295 375
68 76
158 299
419 62
210 180
471 333
258 328
319 20
455 108
26 480
358 30
237 266
28 171
27 189
474 458
288 40
65 414
133 381
338 464
144 149
433 395
409 275
464 53
137 170
102 75
246 442
193 436
403 209
388 365
268 175
157 127
411 383
230 191
340 220
357 450
82 433
264 438
57 67
229 119
471 255
256 355
167 299
85 313
40 303
472 292
170 113
151 137
113 137
45 1
191 260
164 148
123 299
279 12
403 239
355 398
203 334
242 253
273 62
321 218
12 262
364 2
173 113
59 91
197 109
22 319
65 268
191 166
61 200
181 138
176 447
275 211
117 297
161 148
224 105
184 491
235 133
63 326
10 483
316 345
113 273
94 78
124 74
391 486
158 483
380 146
272 55
463 187
362 375
75 466
367 12
213 144
200 278
91 403
162 280
172 395
416 270
362 58
48 308
261 200
278 321
306 432
121 364
142 340
416 423
366 39
369 267
30 357
445 54
476 217
130 101
215 67
330 340
222 4
1 121
363 287
136 373
209 438
137 137
106 18
482 160
179 66
421 179
356 191
103 407
420 390
22 6
393 395
93 358
458 240
396 320
402 105
153 201
42 206
177 474
245 417
474 272
74 450
224 106
158 158
493 3
178 293
59 437
455 196
434 416
153 337
180 274
231 452
289 430
353 304
440 253
453 432
181 337
370 19
67 130
266 473
381 127
278 431
371 307
150 471
494 191
56 411
340 271
472 383
412 277
350 39
351 196
131 416
309 386
33 467
377 36
3 426
143 91
174 478
451 291
42 14
451 11
38 128
39 422
489 418
205 212
109 222
287 146
368 456
217 417
124 494
296 296
65 18
81 98
382 158
72 283
304 81
323 241
214 410
287 354
349 309
265 49
328 50
57 241
46 468
276 70
298 34
487 92
395 361
53 13
99 446
289 364
123 51
330 233
392 332
158 79
433 238
238 241
405 158
18 49
83 417
193 492
498 246
309 308
345 146
262 248
177 140
103 117
55 408
42 23
255 159
477 232
342 48
463 116
350 387
71 480
238 111
271 482
80 93
414 93
385 426
435 454
215 354
275 191
30 39
147 322
223 324
443 33
312 0
241 214
87 165
293 418
421 175
140 89
355 277
293 263
361 129
267 206
418 477
15 57
24 314
266 189
328 208
320 273
389 387
9 290
91 119
279 89
228 55
217 155
336 108
241 124
228 274
409 167
206 450
268 472
2 78
256 158
473 325
278 228
268 112
443 262
196 38
225 147
119 90
85 428
101 224
240 492
377 76
489 419
269 299
498 281
297 142
313 272
72 135
307 59
459 24
266 418
432 225
416 169
365 352
460 350
456 469
249 452
436 465
270 331
145 484
476 470
455 13
484 487
239 371
431 11
275 390
440 226
352 169
285 108
111 432
452 103
305 146
58 206
327 465
485 21
451 318
380 87
400 136
27 346
366 217
146 446
421 169
144 77
144 368
421 379
244 363
10 70
139 144
150 371
113 225
497 317
316 213
76 147
307 175
289 290
325 326
94 211
351 251
302 364
324 156
177 165
1 391
415 9
14 64
153 54
222 75
152 338
368 23
192 243
110 85
388 403
217 230
357 329
347 73
44 36
371 226
324 310
30 251
117 197
69 13
30 244
304 17
231 260
437 253
289 261
81 79
144 428
442 272
396 375
493 342
276 46
348 333
443 130
307 50
196 93
293 401
258 452
118 324
127 56
299 204
81 305
3 465
462 370
342 33
257 154
209 273
394 229
330 158
427 218
338 295
78 211
364 228
346 284
350 225
346 42
57 416
190 52
244 412
412 26
84 192
72 417
315 361
55 95
439 290
66 423
459 472
354 107
468 435
458 307
12 142
296 421
118 11
114 77
124 415
283 139
24 148
227 40
389 352
137 438
65 480
235 239
256 60
45 84
199 125
495 213
118 321
300 414
165 141
312 162
40 60
385 1
36 159
79 348
105 285
455 268
266 255
297 249
263 122
437 294
127 433
67 64
213 466
475 461
127 311
346 457
28 290
415 179
377 236
68 299
178 364
256 442
119 226
148 3
175 41
269 257
40 68
113 51
384 478
78 203
354 402
325 139
314 412
354 22
457 270
132 140
374 346
411 74
228 270
412 145
58 183
96 276
1 75
79 372
141 369
151 176
271 439
130 56
491 233
478 236
169 470
7 356
311 5
